9.01377925
7.05277624
6.86876792
7.13426564
6.96865815
6.96340077
7.09483529
7.21575505
7.32616004
7.11586481
7.10797874
7.53645527
7.00545982
6.96077208
6.41663317
6.8451097
6.78464983
6.39560365
7.34193218
7.1999829
6.71367519
6.655844
6.20370926
6.13010593
5.6727138
5.03657073
5.35464227
4.57392123
4.65278194
4.57129254
4.23219148
4.47140231
3.84840269
3.4646139
3.76165591
3.69593865
3.65650829
3.53821723
3.5461033
3.74588377
3.78268543
3.78794281
3.76691329
3.57501889
3.55398937
3.26483343
2.94150452
3.02562261
2.90207416
2.71806583
2.79955524
2.58663132
2.45256811
2.35004918
2.17392693
2.10558098
2.25804502
2.21861467
2.05826455
1.94785956
1.99254729
1.94523087
1.81116766
1.50361089
1.25125661
1.34326078
1.33274601
1.1723959
1.05936222
1.08302043
0.78072104
0.66505866
0.97524412
1.08564912
1.04096138
1.04884745
1.11456471
1.34326078
1.54041255
1.54041255
1.61401588
1.64556017
1.64293148
1.52464041
1.69813397
1.89265706
1.61664457
1.53515517
1.65344624
1.70864874
1.62715933
1.45629446
1.3090878
1.22496971
1.16450983
1.09879257
1.18028197
1.11456471
1.04884745
0.85432437
1.07776305
1.13559424
1.27228614
1.59298636
1.56932815
1.48783875
1.55618469
1.86374147
1.85322671
2.05300717
2.10820967
2.67074941
2.48411239
2.48411239
2.31061883
2.41576644
2.26855978
2.02409158
2.23964419
2.32901966
2.21072859
1.89528575
2.3185049
2.29747538
2.09769491
1.80328159
2.07929408
2.35793526
2.57348786
2.65234858
2.57874525
2.89681678
2.97567749
3.2464326
3.70382472
3.73536901
3.86943221
3.88257567
4.55026302
5.02868466
4.76318694
4.48454576
4.38991291
5.30995453
5.9460976
5.60699654
5.8646082
6.63481448
6.91082696
7.79406692
8.01224823
8.30140416
8.47226904
8.4564969
9.15835722
10.08102754
10.29132277
9.81290112
10.35178265
10.81180346
11.14827583
10.82494691
11.16667666
11.68715735
11.80281973
13.04356158
13.68759072
15.01245066
16.30050894
17.12328902
18.15110695
19.15000929
19.90444343
21.08735409
21.62360692
22.32020987
23.32436959
23.41900244
24.91472726
25.25382831
25.76379424
25.70070567
25.13290856
25.1749676
25.98986161
25.90311483
25.46412354
25.30903081
25.61395889
25.65601794
25.11187903
25.63761711
24.65185822
23.97891349
23.27968185
22.81177497
22.45164439
21.35285181
19.07640596
20.23302972
19.00543132
18.04333065
17.04968569
16.24530644
15.68013801
14.29481819
13.44049382
12.49416529
11.64246962
10.98266833
10.40961384
10.3386392
10.6908837
8.32769107
8.61421832
8.25408774
7.84401204
7.54697003
6.75573423
6.37983151
5.99867141
5.82517784
5.60436785
4.89725015
4.48980314
4.10338566
3.91674864
3.61970663
3.06242427
2.92573237
2.7285806
2.42890989
2.38685085
2.181813
2.09506622
1.97940384
1.90580051
1.82431111
1.83219718
1.67710445
1.60350112
1.46943791
1.55618469
1.44052232
1.37743375
1.29594435
1.18028197
1.13033686
1.07513436
0.91478425
0.85432437
0.78072104
0.69660295
0.64665783
0.55465367
0.55991105
0.44687736
0.37853141
0.31544284
0.25761166
0.25235427
0.22080999
0.18663702
0.19452309
0.1077763
0.10251892
0.08674678
0.06045988
0.06045988
0.0552025
0.05783119
0.05783119
0.0552025
0.04205905
0.0262869
0.01840083
0.01051476
0.00262869
0.00262869
0.00262869
0.00262869
0.00262869
0.00262869
0.00262869
0
0
0
0
0
0
0
0
0
0
0
0
0
0
0
0
0
0
0
0
0
0
0
0
0
0
0
0
0
0
0
0
0
0
0
0
0
0
0
0
0
0
0
0
0
0
0
0
0
0
0
0
0
0
0
0