396.6021795
403.2016381
412.8875154
423.9454271
431.6878086
440.088556
504.4056258
532.2702991
555.128759
586.1667553
610.468353
634.464469
650.4232555
676.8605917
716.5732156
743.8874951
771.2597108
789.0276864
804.8100309
830.7891446
811.6201666
829.2933376
847.5406035
857.1843455
869.356212
877.6990232
890.3633473
890.9216415
877.1275617
864.7950539
855.1197104
848.7414627
842.0867014
825.229904
801.1231826
770.9120936
736.5638342
699.0448851
663.6142722
624.0175208
585.4320191
558.9051451
537.5846277
514.8446736
482.5189138
445.8505733
414.0989085
381.7231128
352.1440551
336.7461962
316.8266812
294.8952003
271.4758128
250.8636969
232.3320169
213.7529346
204.4252082
181.945967
162.8401921
148.5852562
132.4368604
119.3380148
109.4835958
101.3514617
93.90402797
84.11807901
75.81740325
67.5377952
62.19449853
58.17846727
49.77245299
52.16890443
48.57422727
44.53186137
41.55604805
39.04899116
37.15026425
34.70377701
32.47060028
29.88717296
27.27214408
25.61306231
24.15675721
23.33775018
22.16322563
20.91759757
19.77204111
19.59823255
19.00570334
18.99253603
18.84769556
19.17687845
19.51659519
19.92741544
20.44620767
21.44955712
22.26066376
23.21661087
23.8644428
24.24366149
25.12060471
25.67889889
26.08708568
26.45577051
26.57954328
26.82445535
26.72701721
26.75861877
26.86659076
26.66644756
26.62957908
26.0712849
26.25826078
26.37149969
26.2213923
25.97384676
25.86587477
25.61569578
25.83427322
25.78160395
25.66046465
25.36288332
24.90202727
24.3858685
23.85127549
23.72223579
22.97959919
22.50294237
21.82087542
20.89652986
20.08542322
19.40072281
18.66071967
17.88121459
17.3808566
16.54078186
15.74020907
14.84219815
14.34447362
13.72560979
13.62553819
13.43329538
12.69855917
12.19030079
11.77948054
11.50823384
11.13428208
10.9394058
10.60495599
10.53911941
10.29157388
10.5470198
10.70239412
10.62865716
10.49171707
10.0255941
10.06246259
10.09143068
10.18623535
10.23100422
10.34424314
10.58388828
10.79456533
10.7682307
10.87883615
10.72872875
11.05527818
11.49769999
11.89008599
12.36937628
12.68802532
12.95137163
13.33585724
13.08041132
13.34375763
14.14169696
14.83693122
15.52953202
15.71387444
15.83764721
15.2740861
14.80796313
14.76319426
14.34184016
14.27863704
14.15749774
13.91521913
14.44717868
14.5604176
13.78617944
13.31215608
12.64062298
12.91713661
13.03037552
13.50176542
13.90468528
13.84411563
13.99422302
13.53336698
13.72034286
13.87571718
13.57023546
13.97052186
14.03635843
13.90468528
13.83358177
13.42012806
13.16468214
12.73806112
12.84866657
12.73542765
12.85656696
12.93293739
12.47734827
12.01912568
12.38517706
11.65044085
11.53193501
11.52930154
11.782114
11.94538872
12.03755993
12.04809378
11.62147275
11.60303851
12.20083464
12.44574671
13.05934362
13.32005647
13.20945101
13.08304478
13.01720821
12.94873817
13.00140743
12.99877396
13.07251093
13.18838331
13.64133897
13.65450628
13.47016386
13.15678175
13.09357864
13.24105257
12.88026812
12.84866657
12.67222454
12.424679
12.02439261
11.46609843
10.9394058
10.39427894
9.64900888
9.1328501
8.14003451
7.78978391
6.82330295
5.9700609
5.45916905
4.94564374
4.57432544
4.03973243
3.47880478
3.08641878
2.68613238
2.31481408
1.927695
1.64064752
1.39573545
1.10605451
0.93224594
0.75580392
0
0
0
0
0
0
0
0
0
0
0
0
0